#Mstar[Msun] Rstar[Rsun] Nplanets   
#0.9132    0.8632     2          
#-chi2           mass1       period1     ecc1        inclination1 argument1   mean_anomaly1 mass2       period2     ecc2        inclination2 argument2   mean_anomaly2 ascending_node2
370.0972571976441              0.3485373777339801 0.44329720935275957 0.5323318288810253 0.8430174110612266 0.9381660723286369 0.3602544624065584 0.4499461502217112 0.353893761965091 0.26877704365912425 0.2884394044125738 0.3768987840098539 0.6847597072691686 0.5640932618514066
370.0575493355334              0.3538497190012068 0.4339802825860348 0.5045557209000586 0.8290876650466317 0.9391863821060376 0.35231462969306315 0.48555306341339705 0.35631902079057626 0.26495756279190946 0.33893179398074275 0.3768060561349775 0.6836968714656589 0.5530835423533935
369.85596986449633             0.3482820228245563 0.44313747891928595 0.5323659633353607 0.8434252177695982 0.9381668236246615 0.3602449886705387 0.4506053391011871 0.3537165946589332 0.2683482406089288 0.2887552879798074 0.37687950758550526 0.6851007747617316 0.564498500236753
369.55054345699136             0.3663200512496891 0.44405863209568014 0.5073118169746386 0.8157509366212665 0.9386430432088463 0.35785644776460757 0.4585357849710923 0.3627941400513744 0.2624199010179548 0.32953382143769255 0.3766704185584462 0.6868848774129663 0.5510692082621327
369.15447175774017             0.365379615436921 0.44984035665730826 0.5121388801819694 0.8270895270875749 0.9382190539977303 0.36173119681454285 0.43640012995647953 0.3608546103178607 0.2507454364079053 0.31761192856769777 0.37620361086675486 0.6933174719642661 0.5525972020010503
368.9499777835795              0.3597793312569718 0.44414233882226223 0.526707809587054 0.8306026616282822 0.9383599889739326 0.3588427427894331 0.4445297463656693 0.35887619364821066 0.24581887546158773 0.32031898314227497 0.3759325370219992 0.6996889343057783 0.5517868871359295
368.7538452623777              0.3502003618110015 0.45271804768609814 0.512920353817752 0.8465886890827177 0.9378495456439309 0.36551728115817383 0.4348542030701622 0.351716766025115 0.2533877676817321 0.30106262031713277 0.37633579289558416 0.6905746645260812 0.5639374601130592
368.4814995026224              0.346232866837022 0.44172476593097193 0.504052597273336 0.8465584253451671 0.9386121127664464 0.35839202448158053 0.46994548580725154 0.3501246386722539 0.25484191676907253 0.3172800697050454 0.37642432418242205 0.688204063830212 0.5596621768079585
368.40520892764766             0.3500860478574145 0.4473478579421444 0.5358405238420826 0.8401118210218934 0.9379024900690646 0.3625678381443987 0.43095534597730495 0.3527742169496468 0.23168538888443574 0.3059554806837852 0.37547755199215965 0.7021973027000786 0.5515730070419081
368.316334001021               0.3550856484533887 0.44636799047577486 0.5176827126394398 0.8376469731765646 0.9381175269610472 0.36228283284907975 0.45513376399760835 0.3551637692173272 0.2547494196326683 0.31564372835865223 0.37637336930034226 0.6906008993568659 0.5593379031826561
368.15281251771626             0.35483334135856665 0.44622910496094237 0.5173950958865864 0.8381020155951445 0.9381276223792417 0.3622035464636681 0.4556010439766824 0.35492593042077664 0.25405570414431494 0.3161698722296388 0.37634612718625576 0.6909653736261706 0.5591682017931854
368.1187098222055              0.3542159883900724 0.4463588550054941 0.518237849515513 0.8386733508469087 0.9380899082416999 0.36251733451506346 0.45586762705052447 0.3547303609672922 0.25568116378295147 0.31447755477982725 0.37640885822154996 0.6901725440046647 0.5603645550944848
367.5914923866448              0.35450570805990766 0.4484928323030098 0.5342424701604804 0.8373661977668132 0.9378883619782519 0.36286614759891644 0.4270454516877627 0.35491205680537463 0.2298493143433747 0.30924579060205026 0.3753963541219212 0.7035775368895829 0.5505171601556499
367.3968745479303              0.3663843203931278 0.4540051138895083 0.5150828335079292 0.8232535980846739 0.9379485217727798 0.3643070476168881 0.42351191192162985 0.362039529841584 0.25503701832939085 0.30948511486106295 0.37638424858803987 0.6904694058199498 0.5543452423536628
366.1752113870073              0.3546501633503736 0.44937028170883825 0.5343343184807124 0.8368624246383082 0.9378282493063786 0.36347816531309307 0.42497009969592464 0.3551833009309076 0.23003007014514343 0.30838631533419825 0.37541992559915643 0.7027046214942074 0.5487334105884134
365.90463286434857             0.36556503109202204 0.44659245972319966 0.5127450199352112 0.8306591001525602 0.9384144620391158 0.35961836395488 0.4433390064050555 0.3601606842878284 0.2427199643476876 0.325127993456009 0.3758823239924088 0.6977722286619498 0.5485134218453821
364.6921328466655              0.363884808216417 0.4472353235694289 0.5119989631602203 0.8306839034490546 0.9383134003627511 0.36079604405979226 0.4462645986608198 0.3592421201944399 0.24467862727457143 0.32539855417202707 0.37597736658519004 0.6958762815647276 0.5507642481725437
364.2662244797185              0.3640055545518609 0.4449454748028807 0.5174848789850166 0.8344641222629601 0.9385045499804006 0.35819462633796434 0.4407935170124143 0.3594641080967589 0.23496253071411216 0.32450129599668276 0.3755512325702706 0.7031395428332744 0.5477162910837972
363.6053768595384              0.3649875419814608 0.4485008736213677 0.5185239901331019 0.8344302120561891 0.9381378886029396 0.3618563422154847 0.4363931792719273 0.35894756986363097 0.23278892703025736 0.32542461847303217 0.37543983891305216 0.7054615637257794 0.5507718569079633
362.7779194605169              0.35935307210583944 0.4409258989683078 0.5151246139444641 0.8349681619342253 0.938451356857793 0.3590232021430454 0.4692779894896868 0.3567401614548336 0.24183531305099787 0.33549448987950153 0.37582901777308 0.6991993404075589 0.5550248131874599
362.14090456812687             0.36200882776314464 0.4520138579887961 0.5114419819262517 0.8393470635397925 0.9380555693824458 0.3635039882563371 0.42985309305067665 0.357119481295717 0.24141640184094157 0.31295528690907387 0.3758436848923357 0.6978368988840165 0.5548493090439585
361.9189377818441              0.36827251220878915 0.4457232619268744 0.5069199520276397 0.8219049142409207 0.9384763664543755 0.35959959908680883 0.45473392867834794 0.3619258265130381 0.24610443814261318 0.33699885498335597 0.37604313072583617 0.6946671220539513 0.5468228127851801
361.3969877269136              0.363197494777444 0.4456581404167995 0.5135205243776734 0.8316039202035268 0.9382400751160378 0.3613801688269406 0.4577602404576737 0.3586620185897135 0.24125278585932167 0.3366479558555192 0.37578229671084795 0.7006033982178176 0.5487030090955256
360.63419637981445             0.36155422176531965 0.4519575141345079 0.5121913432436729 0.8396122529006241 0.9380335992647959 0.36366714506809095 0.43036920623485697 0.35685907752367096 0.2408483337381263 0.31314457196771495 0.37581820545155875 0.69828848149971 0.5552643528412643
360.56914863631175             0.36134447738366826 0.44695323674715776 0.517938769463847 0.8424667005866251 0.9383451445377036 0.359708645373193 0.4336754848693205 0.3571008409199269 0.23856011225811127 0.3135954843316009 0.37569633495240834 0.7010680024495083 0.5512614822504107
360.4443842200393              0.3578634123143258 0.44406637685609057 0.5149567568524958 0.8444784518804705 0.9384874272618735 0.3585515954740303 0.4480300483995726 0.35527907232778927 0.24060287089769788 0.3187785926259317 0.3757766531145248 0.7000367109711464 0.5519631263737226
360.2698196604711              0.35824477397264404 0.4441721321437606 0.5148395608605989 0.8439581567136355 0.9384836417035888 0.3586056647169695 0.4480419034820251 0.3554477860922373 0.2404150891302863 0.31941741761773723 0.3757668519466076 0.7002443544932968 0.5515921505499414
359.8765981210433              0.36187805612653257 0.4407212239110455 0.5162417396592086 0.831827194161977 0.9384491586626083 0.3589714019731025 0.47179154632117043 0.3577810900569674 0.23844011426952547 0.34327767443321733 0.3756458187961154 0.7033238435437004 0.5537707542115728
359.82689333638604             0.3627072994072747 0.44125367488466627 0.5161018691656694 0.8309848138939393 0.9384280841102302 0.359205075145053 0.47047415233204526 0.3581630571108959 0.23840987121570098 0.343532027007834 0.37564293349515226 0.7034090693179642 0.5527157660990897
359.7561864783975              0.3670906107770943 0.44654214079132504 0.5185216575742584 0.8292708997959697 0.9382979900299123 0.36023784970004896 0.4421111838893764 0.3598716130401023 0.2340476470205939 0.3301011228487402 0.37548724814003376 0.7048738272009226 0.5464121845307588
359.5452025352328              0.36287929255823315 0.4412214378246346 0.5159624314237731 0.8308579527132693 0.93843665651325 0.35912869098145916 0.4704801988874708 0.3582437713699617 0.23829363699191233 0.34376910303469954 0.37563625313878546 0.7035548669416785 0.552441314934609
359.2311339821039              0.361479002139085 0.44002592627794157 0.515756017811109 0.8330847786782094 0.9384922977702926 0.35856357819465606 0.4737021263744455 0.3574400122202723 0.2382611005760117 0.34374541421559923 0.3756312412552701 0.7037913832401786 0.5555427256854862
356.09610314466977             0.370654170478586 0.4456827445557005 0.5128692320964637 0.8253107353776752 0.9384095669082341 0.3596432590954295 0.45033319430419444 0.3614414592969655 0.22890370214473535 0.34567897982994983 0.3752249242673562 0.7103801883233957 0.542826401923993
355.0440305779958              0.35643181758703923 0.4369152099292019 0.5197652830595728 0.8430862200982241 0.9386068688355234 0.35687822737185165 0.4742446314935545 0.35355214964149506 0.22614149617871132 0.3416814835437091 0.37504531495741206 0.7151196950847163 0.5662812696495211
354.9214991260877              0.3535191212309414 0.44032040108654186 0.5261464277515772 0.8489772451331066 0.9383631235637038 0.3587091240317548 0.4539283972172255 0.35093314993393515 0.2143256160329689 0.3285707535343266 0.3745493427836676 0.7227863657704962 0.5661631936570305
354.61503782810786             0.3619586646237583 0.4482664531432668 0.5196869433483001 0.8350657079252592 0.937935557067264 0.36395929453733533 0.4494080504541251 0.3560451847367548 0.22756815539278763 0.3342922746287873 0.37521264416104216 0.7091931938975222 0.5478009943768087
354.24167550841275             0.3534047052800823 0.4404567475987115 0.5268590605543254 0.8491718643324511 0.9383422732125016 0.3588539359177527 0.4528882657252237 0.3508714956154411 0.21394907694342918 0.32779831476927973 0.37453088479517405 0.7231499595980095 0.5669267861614917
354.0307045195041              0.35747872014790966 0.4428835678909322 0.5185489338745922 0.8439118533011193 0.9383208024402527 0.359990573544733 0.4572694584405432 0.3527965098517554 0.21934723938864906 0.3358432051409549 0.37479719767287517 0.717801727748993 0.5562744871923292
351.4088745030949              0.35509998146892696 0.44050339136580674 0.514015694800442 0.8428910012669817 0.9384553071751597 0.35903673204606235 0.4707824934982356 0.35249465284009124 0.22514147917112978 0.3410608961622659 0.37508394969703024 0.7121305267347722 0.5527165273901239
349.5166885122037              0.3710096839715527 0.4473795095776233 0.5061808878144244 0.8279362608795979 0.9384551256198765 0.35984678122722097 0.45049092508804955 0.3605497162850195 0.22662256416331056 0.3479962073146173 0.3751479664785885 0.7110000694444187 0.5354424524024377
349.112195801215               0.36852772688088753 0.44288487325845677 0.5021021299117779 0.8302273655233906 0.9387858168724704 0.35675853624752013 0.4646560594876419 0.35926021942310926 0.22817392992680735 0.3532344244506783 0.3752142486154166 0.7099709935925105 0.5334658615259046
348.96286545167777             0.36594441419141793 0.44820409448467213 0.5128725024280044 0.8346693284631376 0.9382077007101058 0.3618130065909335 0.4469187435464899 0.3570807257482764 0.2236637885713271 0.33977700020233054 0.3749883068442358 0.714483372194363 0.5453374901828537
344.95847825839996             0.3770614738457882 0.4530158096427138 0.5106843061844947 0.82663315978495 0.9381362704118463 0.3626698877340323 0.42532670035321907 0.36250343881982267 0.21984478258663312 0.34029677562822924 0.3747796163907501 0.7190401005577577 0.5393685493262087
284.71399628891425             0.3964938739306945 0.4473405889370769 0.5003506573651975 0.8138451564561587 0.9391128265790448 0.35294996574853704 0.41368912649821404 0.3717685840835438 0.20711598254945815 0.35621391111156253 0.37415652033561186 0.7312670399035764 0.5225516926237276
150.57451295320146             0.3457302739330429 0.3170280888373813 0.4070510946263728 0.8393181614230333 0.9444939836166955 0.29505938074760474 0.8641101676517071 0.3531441426163107 0.3457060041229944 0.5168797270494785 0.3798727990021666 0.62275805259594 0.5423753433866005
-27.731207668503487            0.8369410223311937 0.5654122485357589 0.998027550369985 0.17212869675891498 0.41424167936853873 0.0001370866257610052 0.4436505415373245 0.5086229698745167 0.07606592143952048 0.2734202120893152 0.868168908625644 0.42564350221944375 0.16534740338563014
